   90   81
    1    2
    1    3
    1    4
    1    5
    1    6
    1    7
    1    8
    1    9
    1   10
   11   12
   11   13
   11   14
   11   15
   11   16
   11   17
   11   18
   11   19
   11   20
   21   22
   21   23
   21   24
   21   25
   21   26
   21   27
   21   28
   21   29
   21   30
   31   32
   31   33
   31   34
   31   35
   31   36
   31   37
   31   38
   31   39
   31   40
   41   42
   41   43
   41   44
   41   45
   41   46
   41   47
   41   48
   41   49
   41   50
   51   52
   51   53
   51   54
   51   55
   51   56
   51   57
   51   58
   51   59
   51   60
   61   62
   61   63
   61   64
   61   65
   61   66
   61   67
   61   68
   61   69
   61   70
   71   72
   71   73
   71   74
   71   75
   71   76
   71   77
   71   78
   71   79
   71   80
   81   82
   81   83
   81   84
   81   85
   81   86
   81   87
   81   88
   81   89
   81   90
    0   24  184  111   17  142   87  117  168  169  162  107  125  109   92  138  172  148  170   63   63  195    8    7   49   73   57   85   11  188  168  169  139  195   88   99   85  194   21   20  142   48   38  166   57   91  168   68  135   97   61  193  196  150   66  195  157   95  195  152  174  127  161   48   40  189  155    7  134  124   85  130  133  163   70   18   38  192   93   78   55   93  169  181  110   59   30  149   39   76
   61  193  196  150   66  195  157   95  195  152  174  127  161   48   40  189  155    7  134  124   85  130  133  163   70   18   38  192   93   78   55   93  169  181  110   59   30  149   39   76  199  141  128  173  151  105  150  130  123   81   71  155  196   80  182   87   56  177  179  183   31   74   29   94   47   97   33   29   63  140  117   54  152   14  115  198   58   20  178  163    8  185   71  112   64   32  187   31  183   37
   71  155  196   80  182   87   56  177  179  183   31   74   29   94   47   97   33   29   63  140  117   54  152   14  115  198   58   20  178  163    8  185   71  112   64   32  187   31  183   37  152   28  157  143  138  186  100  171   52   19  168   13   39   43   98  137  125  175  162  114  120   78   30   84   43   29  165   79  163   76   10  109   47  188   76  185   26  103   13   84  122   46   19  163  103   64  179   36  172    1
  168   13   39   43   98  137  125  175  162  114  120   78   30   84   43   29  165   79  163   76   10  109   47  188   76  185   26  103   13   84  122   46   19  163  103   64  179   36  172    1  174  129   91  172   72    4  135   36  134  184  161   30   39   69  115  109  197   20  154  107  107   13  160  154   38  112   28  150   34  152  168   46   59   18   30   22   15  148   46  138   66   20    8  168   91   37  120  188  120  135
  161   30   39   69  115  109  197   20  154  107  107   13  160  154   38  112   28  150   34  152  168   46   59   18   30   22   15  148   46  138   66   20    8  168   91   37  120  188  120  135    2  143   51   45  185   65   35    6   88   63  105  188   87   57  138  104   95  173   81  176  197   15  130   69  118   62  193  107   12   35   31   17    8  177  155  174   83   22   55  118  134   11   94  163  124   71  154  127   12   73
  105  188   87   57  138  104   95  173   81  176  197   15  130   69  118   62  193  107   12   35   31   17    8  177  155  174   83   22   55  118  134   11   94  163  124   71  154  127   12   73  141   49   15  194  172    9   18   12   40   39  196   42   78  129  147   52  119   25  192   54   20   28   94   41  189   25  181   56   69   41   22  100   30   67   32   93   37  113  173  160   30   18   41   52  166  124   87   32  183  183
  196   42   78  129  147   52  119   25  192   54   20   28   94   41  189   25  181   56   69   41   22  100   30   67   32   93   37  113  173  160   30   18   41   52  166  124   87   32  183  183  161    7    5   90   46  150  174  119   52   84  122  155   36  170  148  101   45   87  190   13   40    4   16   83  172   64  104  155  143   17  162  154   40  154  100   13  186  172  135   91   93  118   93  158  189    1  163   79  100   29
  122  155   36  170  148  101   45   87  190   13   40    4   16   83  172   64  104  155  143   17  162  154   40  154  100   13  186  172  135   91   93  118   93  158  189    1  163   79  100   29   49   29  166  123   68   91   49  186   29  144   11   61  167  195   42  166   43  186   91   31   69  196  176  158  199  153  109  182  157    1  160   14  168  179  102  140  119   95  180  198  193   30  140  151  147   47   53   67   10   26
   11   61  167  195   42  166   43  186   91   31   69  196  176  158  199  153  109  182  157    1  160   14  168  179  102  140  119   95  180  198  193   30  140  151  147   47   53   67   10   26  161  159   37  181  179  163   11  105  191   16   24  197   69   29  112  199   52  198  195   14  106  154  189  165  169   87   68    6   77   90   62  141  152  181   22  191  110  130  151   89  121  128   35   54  108  195  159   25   48   41
   24  197   69   29  112  199   52  198  195   14  106  154  189  165  169   87   68    6   77   90   62  141  152  181   22  191  110  130  151   89  121  128   35   54  108  195  159   25   48   41  125  167  129  169   19  170   29   19   56   85   65   48   38   84  188   51   63  196   67  104  111   57   71  192  130   40  153   86  134   18   23   90   62  197  184   75  197  166    6  190   95  143  106   40  125   47    2   39   79  150
   65   48   38   84  188   51   63  196   67  104  111   57   71  192  130   40  153   86  134   18   23   90   62  197  184   75  197  166    6  190   95  143  106   40  125   47    2   39   79  150  161  159  118  182   18  104  134  140  193   61   87  158  157  145  110    9   90  179   24   84  102   52   52  123   22  121  136   20  119  197  185  105  183   10  112   57  176  111  152  199  170   92  184   78  184   67  171   45   41   11
   87  158  157  145  110    9   90  179   24   84  102   52   52  123   22  121  136   20  119  197  185  105  183   10  112   57  176  111  152  199  170   92  184   78  184   67  171   45   41   11  113   25  146  183  170  113  186   72   41   62  143  185  159   27  123   44   82  125   91  181  139   50  113   79   25   23  151  116   71   55   50    1  102  110  123   75   16  153  133  192   15   30   11   87  146  198  114   23   32   24
  143  185  159   27  123   44   82  125   91  181  139   50  113   79   25   23  151  116   71   55   50    1  102  110  123   75   16  153  133  192   15   30   11   87  146  198  114   23   32   24   84  195  155   30   69  195   94  142  159  132  193   40  119   10  149  149  140   45   91   78   11   48  161  144   37   16   60   72   91   93   22   28  182  182  186    9   57   29  112   70   15   18   66   53  195   17   69  180   22   87
  193   40  119   10  149  149  140   45   91   78   11   48  161  144   37   16   60   72   91   93   22   28  182  182  186    9   57   29  112   70   15   18   66   53  195   17   69  180   22   87  195   63  145  170   38  199    3  187  149   77   45  159   68   65   57   76   28  101  100   46   88   61   32  117   53   57  169   86   24   15  193   58  168   15   15   37  140  126   72  191   80  156   71  152  136  115  141  119   99   69
   45  159   68   65   57   76   28  101  100   46   88   61   32  117   53   57  169   86   24   15  193   58  168   15   15   37  140  126   72  191   80  156   71  152  136  115  141  119   99   69  154  104  166   61  152    6   60  192  193   55  176   26   32  199   70  141   80   83   71   61  134   88   29  105   27  180  146  174  149   81  121   94   10   72  195  130   50   75   82   77  144  109   79  193  179  122   17   27   12  150
  176   26   32  199   70  141   80   83   71   61  134   88   29  105   27  180  146  174  149   81  121   94   10   72  195  130   50   75   82   77  144  109   79  193  179  122   17   27   12  150  182  112    1  169  132  155  168   91  191  162   81  167   22   26    9  151  173  120  146  198  100  118  146  130   56   98   68   77   19   45  160  193    1    2   35   74  161   97   29   23  174   81  105   97  131  137    7   75  143   53
   81  167   22   26    9  151  173  120  146  198  100  118  146  130   56   98   68   77   19   45  160  193    1    2   35   74  161   97   29   23  174   81  105   97  131  137    7   75  143   53  183   95  116   27  110  108   28  189  178  157   91  151  152  113   38  173   67  182   12  149   57  104  194   99   96   75  164   78  157   76   74  195  178  127   70   42  101  165  102   29  171  115   21   56  133   33   93    7   23  198
   91  151  152  113   38  173   67  182   12  149   57  104  194   99   96   75  164   78  157   76   74  195  178  127   70   42  101  165  102   29  171  115   21   56  133   33   93    7   23  198  188   68  198    4   70   79   32  188   90  183  178   58  153  137  110  154  149   83  147   89   37   10  176  135   50   28  182  170  133  145  147   97  105  156   87   20   95   66   75  162   38    1  116  126  166  146    1  190   32   55
  178   58  153  137  110  154  149   83  147   89   37   10  176  135   50   28  182  170  133  145  147   97  105  156   87   20   95   66   75  162   38    1  116  126  166  146    1  190   32   55   23  175  113   73   21  170   31    1   28   39  169  180   39  154  142   36   68  188   18  168  135   93   37  112   21   12   11  173  150  143  189   11   41  153  184   74  107   21  188   16  137   78   10  101   50  182   65  156  138    8
  169  180   39  154  142   36   68  188   18  168  135   93   37  112   21   12   11  173  150  143  189   11   41  153  184   74  107   21  188   16  137   78   10  101   50  182   65  156  138    8   82  142  101   57  182  106  133   22  154  145   69  176   24   59  187   87   75   28  152   23  110  110   19   57    1  178   71  124   25  190   99  187  150  117  134   56  155  103   16   89   18  180  139  159   15   33   58  199  142   21
   69  176   24   59  187   87   75   28  152   23  110  110   19   57    1  178   71  124   25  190   99  187  150  117  134   56  155  103   16   89   18  180  139  159   15   33   58  199  142   21   14   29  121   49  110  171  184   98  128   88  126  146  128   98  200   79    5  111   62   50   47  141   18  166  166   19   98   59  155  186   90  141   86   50   93   14   42   50  180   83  191   81  125    1   82   33   47   31  180   78
  126  146  128   98  200   79    5  111   62   50   47  141   18  166  166   19   98   59  155  186   90  141   86   50   93   14   42   50  180   83  191   81  125    1   82   33   47   31  180   78  188   59   34  146   98   50   73  157  149  150  195  179  161  144  149  191  169   50  174  127   25   60   10  144  167  110   33  136  132  195  117  112   58   62  118   89  161  184   70  169   34  119   17  196   97  181  141   85   67  196
  195  179  161  144  149  191  169   50  174  127   25   60   10  144  167  110   33  136  132  195  117  112   58   62  118   89  161  184   70  169   34  119   17  196   97  181  141   85   67  196  123  140  136   39   66   80   48  111  120  132   87  161   38   14  146  123  174  101   99   59   61  112  147  186  170   89   66  184   97  108  115   54   68   20   92   94   96   66   77  142   20  101   32  154  191  158  179  192   32   77
   87  161   38   14  146  123  174  101   99   59   61  112  147  186  170   89   66  184   97  108  115   54   68   20   92   94   96   66   77  142   20  101   32  154  191  158  179  192   32   77   58  186   81  159  183   98   64  122  158  191   55  100   25   50   26  179   59   67  132  192  102  163  118  166  128  132  112   56   39   89   85   41   93  120  135  103  141  157   90  142   55   92  178   28   14   29  191  128  182  178
   55  100   25   50   26  179   59   67  132  192  102  163  118  166  128  132  112   56   39   89   85   41   93  120  135  103  141  157   90  142   55   92  178   28   14   29  191  128  182  178  124   60   74  195  160   21  184   27  183  155  198  133  188   49   94  116  109  125   55   27   29  101  181   62  165  184   35   36  108   86  110   39   12    7  144  163  169  152  153  130  197  183  184  104  111  101   16  115  177  108
  198  133  188   49   94  116  109  125   55   27   29  101  181   62  165  184   35   36  108   86  110   39   12    7  144  163  169  152  153  130  197  183  184  104  111  101   16  115  177  108  115  109  163  175  148   52   22   11  128  102  127  167   20   60  132   95  109   61    4   25   99   94  199  200  139  190   26   17   56  199   74  120   81   73   50  101   43  176  191  170  183  121   62  152  121  154  130  137  149   34
  127  167   20   60  132   95  109   61    4   25   99   94  199  200  139  190   26   17   56  199   74  120   81   73   50  101   43  176  191  170  183  121   62  152  121  154  130  137  149   34  112   72  186   14   63  165   67  190   79   69  110  156   74   80  126   27   69   41   11  189   49  137  119  137  121  160   56   60  140  130    4   31   24  165  115  155   36  165   17   38   51   32  149   65  134  113   30  100   99   74
  110  156   74   80  126   27   69   41   11  189   49  137  119  137  121  160   56   60  140  130    4   31   24  165  115  155   36  165   17   38   51   32  149   65  134  113   30  100   99   74   33  177  100  154  100   65   50  162   28   92   50  100   43    4   51  151  163  164  165  129   94    9  102  158   50  161   58  181  158   21   14  174  131  127   87  150  165   24  184  136  157    3   80  160   78  126  123   55  147   32
   50  100   43    4   51  151  163  164  165  129   94    9  102  158   50  161   58  181  158   21   14  174  131  127   87  150  165   24  184  136  157    3   80  160   78  126  123   55  147   32  158   43  199   23   77   36  175  108    4  175  143  145  181  192  163   15   41  144   66  140  179  157   47   81  117   37   26   10   88   90   10  123   39   99   85   59  161   99  172  107  101  144  116   81   46   45   78  197   98   63
  143  145  181  192  163   15   41  144   66  140  179  157   47   81  117   37   26   10   88   90   10  123   39   99   85   59  161   99  172  107  101  144  116   81   46   45   78  197   98   63   34  132  184  179  182   47  133   22   56  132  196  117  170  130  158   78  160   24   50  189   86   50  110   73  155   69  118  191   12  157   57  173  182  150  100   26   96  104    9  118  180   69   46   14  133  193  102  133  179  144
  196  117  170  130  158   78  160   24   50  189   86   50  110   73  155   69  118  191   12  157   57  173  182  150  100   26   96  104    9  118  180   69   46   14  133  193  102  133  179  144  190   58   88  131  157  191  120    5  171   80   44  146  185   89   49  127   85  150   54  111  139  184  114    5  181    9  116   15   29   28  176  118   95   45   14   14  161  162   19  158  195   25    6   83   75  164   97   77  166  105
   44  146  185   89   49  127   85  150   54  111  139  184  114    5  181    9  116   15   29   28  176  118   95   45   14   14  161  162   19  158  195   25    6   83   75  164   97   77  166  105   49    6   85  159  128  151  133   94   12   66   57   35   26   39  161   10   18  160  116  196  101  131   19  183  139  153   88   57   81  120   52  128  137  164  125  184    4   69  112   16   12  113   47  195   12   39  179   56  139  158
   57   35   26   39  161   10   18  160  116  196  101  131   19  183  139  153   88   57   81  120   52  128  137  164  125  184    4   69  112   16   12  113   47  195   12   39  179   56  139  158   30  194  115  200  185  168   95  138   50   35  103   78   16   18  113  197   44   61   56  106  167  149  177    3  145   71   50   50   19  178  156   24   87  137   32  194  139  118   13  162  192  128   56  127   89  154   47   85   74   81
  103   78   16   18  113  197   44   61   56  106  167  149  177    3  145   71   50   50   19  178  156   24   87  137   32  194  139  118   13  162  192  128   56  127   89  154   47   85   74   81   67  122  170  112  116  189   19  150  163  187  139    2   62  189   80   73   83  145  125   30  137   41   91  121   55  117  196   65  119  187   39   85  122  153  174  108   52   69    8    1  164  145   12  170   53  131  169  175   19   28
  139    2   62  189   80   73   83  145  125   30  137   41   91  121   55  117  196   65  119  187   39   85  122  153  174  108   52   69    8    1  164  145   12  170   53  131  169  175   19   28   91   43   60  120   34  138  108  107   58  102  198    3   20  124  176   90   97   60  138   65   46   25   19    3  174  112   56   35   32  164   47   52  111  137   25   46   60   76  177  102  196  163  117  140  137  143   23  152  179  106
  198    3   20  124  176   90   97   60  138   65   46   25   19    3  174  112   56   35   32  164   47   52  111  137   25   46   60   76  177  102  196  163  117  140  137  143   23  152  179  106  139    9   58   65  173  142    7   26  199  119   29  154  182  200  146  118    2   40   50   28    2    9   48   38    1   66  164  148  184  170  125   41   97   60   14  197   60   94  186  196  130   73  146  181   31   47   97  122  187  168
   29  154  182  200  146  118    2   40   50   28    2    9   48   38    1   66  164  148  184  170  125   41   97   60   14  197   60   94  186  196  130   73  146  181   31   47   97  122  187  168  171   49   52  126  150   39    9  133   55   40  190  171  108   71   28  199   75  164   26   73   51   19  166  196   95  121  141  144  152   68   93  163  133  135  145   95  109  167  103  110  184   83  129  112   95   13   45   99  182   37
  190  171  108   71   28  199   75  164   26   73   51   19  166  196   95  121  141  144  152   68   93  163  133  135  145   95  109  167  103  110  184   83  129  112   95   13   45   99  182   37   78   54  126   34   91   31  174   66  111   96  167  160  140    7  192  157  166  131  130   84  175   20   48  153  151  175  102  100  165   15   48   11   74  114  142   25   23   41   14  158  177  169  192  161  175   68  182  141   33   53
  167  160  140    7  192  157  166  131  130   84  175   20   48  153  151  175  102  100  165   15   48   11   74  114  142   25   23   41   14  158  177  169  192  161  175   68  182  141   33   53  152   86   15  156    2    1   45   16  166  145  194  121  162   45  112  161  182  119  170  126   18  120    2  122  197  167   24   23   52  114  176  103  139   16   38   74   48  157   65  171   92   97  185   16   34   89   17  197   43   49
  194  121  162   45  112  161  182  119  170  126   18  120    2  122  197  167   24   23   52  114  176  103  139   16   38   74   48  157   65  171   92   97  185   16   34   89   17  197   43   49   37  190  123   96   64   71  126  182   84  135   72  101   92  176  197  104   62   40  156  123   30  117  102  107   98   62  151  197   49  127   74  122   68  103   27   57  175  124   35   27  161   57  166  180  115   31    7  131   63  109
   72  101   92  176  197  104   62   40  156  123   30  117  102  107   98   62  151  197   49  127   74  122   68  103   27   57  175  124   35   27  161   57  166  180  115   31    7  131   63  109    0   71  194   88  169   44    5  149  104   12   48   81   96   71   89   90  176  164  142  111  126   37   51   70   41   71   26   95   97  178  117   19  149   14   56  140    7  198  158   53  103   97   11   42  113  158  140  133  136   45
   48   81   96   71   89   90  176  164  142  111  126   37   51   70   41   71   26   95   97  178  117   19  149   14   56  140    7  198  158   53  103   97   11   42  113  158  140  133  136   45   71    0   80  199   93   76  141  131   56  107    4  137   66   49  124  113   46   85  183   40   78   72   75   32  136   64  149  110   54  185  109   30  127   58  195  121    3  124  129  164  186  170  171  196   95   83   53  130  101   64
    4  137   66   49  124  113   46   85  183   40   78   72   75   32  136   64  149  110   54  185  109   30  127   58  195  121    3  124  129  164  186  170  171  196   95   83   53  130  101   64  194   80    0   43  197  194  199    6    8  195  148   13  119   59  132   67   19  106   71  196  109    1  177  183   96   31  134   73   83    9   76   49   57   29    5   93  169  133  142  142    8  186  161   44  155  135  106  126  140   48
  148   13  119   59  132   67   19  106   71  196  109    1  177  183   96   31  134   73   83    9   76   49   57   29    5   93  169  133  142  142    8  186  161   44  155  135  106  126  140   48   88  199   43    0   31  187  151  198   65   14  153  107   51  149   60   97  147   92   87  163   44  180   72   38   94   13  162  135   97  177  159  155  144   42   34  142  159   61  187   69   42   74   68   44  153  126   43  113  148    9
  153  107   51  149   60   97  147   92   87  163   44  180   72   38   94   13  162  135   97  177  159  155  144   42   34  142  159   61  187   69   42   74   68   44  153  126   43  113  148    9  169   93  197   31    0   14   50  194  143  171   17   73   90  102  179  124   34  121   55    9    7  149  194  159  101  111   56  191  154   75  190   48   23    2   79   56   62   35   53  145   10   87  145  126  187  165  173  190  130   88
   17   73   90  102  179  124   34  121   55    9    7  149  194  159  101  111   56  191  154   75  190   48   23    2   79   56   62   35   53  145   10   87  145  126  187  165  173  190  130   88   44   76  194  187   14    0   39  193   56  133   24    9  182  169  166   24  186  110    7  123  150  159   80  178  158  152  152   66    2  193   63  130   55  190   88   21   69  159  176  116   66   39   70  169  169  160  173   81   45   15
   24    9  182  169  166   24  186  110    7  123  150  159   80  178  158  152  152   66    2  193   63  130   55  190   88   21   69  159  176  116   66   39   70  169  169  160  173   81   45   15    5  141  199  151   50   39    0   72  143  106  188   69  146   42  167  140    4  129   15  175  188  189  118    9  121  147   86    2  126  152  122  184  173  116   38   15  129  143  134   80   51  183   20   62  124  100   89   27   84  190
  188   69  146   42  167  140    4  129   15  175  188  189  118    9  121  147   86    2  126  152  122  184  173  116   38   15  129  143  134   80   51  183   20   62  124  100   89   27   84  190  149  131    6  198  194  193   72    0   31   54   31   22  195  137  173  149   73  115  101   71   41   33   37   71  108  197  164   36  113   39  168  162   34  144    2  160  127   40  110  179   76   36   21  129  170  190   37  153  180  183
   31   22  195  137  173  149   73  115  101   71   41   33   37   71  108  197  164   36  113   39  168  162   34  144    2  160  127   40  110  179   76   36   21  129  170  190   37  153  180  183  104   56    8   65  143   56  143   31    0   43   20   57  101   52   70   29  187   10   17  102   75  194  114   66   62  198   89   94   19  163   76  133   24  144   25   93    1  151  126  116  136   86   37   36   86  189  141   13   21  120
   20   57  101   52   70   29  187   10   17  102   75  194  114   66   62  198   89   94   19  163   76  133   24  144   25   93    1  151  126  116  136   86   37   36   86  189  141   13   21  120   12  107  195   14  171  133  106   54   43    0  123  155   28    7    3    4   31   59  196    8   21    3   56  142   86   16  167  120  117  132  125   47  172   91    1   45  105   97  101   26  101  173  130   27   55   61   81  189  131   61
  123  155   28    7    3    4   31   59  196    8   21    3   56  142   86   16  167  120  117  132  125   47  172   91    1   45  105   97  101   26  101  173  130   27   55   61   81  189  131   61   48    4  148  153   17   24  188   31   20  123  193   28   86  120   67   80  194   56   84  150  109    2  175  100  191  154   46   31  156   86  102  159  185  192   79  155  179   26  191   92   15  107    5  177  153    2   71  103  135  134
  193   28   86  120   67   80  194   56   84  150  109    2  175  100  191  154   46   31  156   86  102  159  185  192   79  155  179   26  191   92   15  107    5  177  153    2   71  103  135  134   81  137   13  107   73    9   69   22   57  155   28  196   17  112   20   37   51   88   17    9   68   87   41  177   10  115  163   29  173   55  171  130    8   71  129  171   23   72   34  172   10   70  162   84  119  131  117  116  113   20
   28  196   17  112   20   37   51   88   17    9   68   87   41  177   10  115  163   29  173   55  171  130    8   71  129  171   23   72   34  172   10   70  162   84  119  131  117  116  113   20   96   66  119   51   90  182  146  195  101   28   86   17   43   50  133    3  169  180  138  103  158  183  107   19   29   71   68  104  143   31  200  174  183  157  150  154  116   26   38  116   25  167   51   90  117   66  183   23  119   52
   86   17   43   50  133    3  169  180  138  103  158  183  107   19   29   71   68  104  143   31  200  174  183  157  150  154  116   26   38  116   25  167   51   90  117   66  183   23  119   52   71   49   59  149  102  169   42  137   52    7  120  112   50  115  147  142   69   24   91   12   14   46   61   44  124   76  135   46   22  155   70   54  167   33   92  165  153   42  167   88   89   96   87   31   17  141  196  167   20   17
  120  112   50  115  147  142   69   24   91   12   14   46   61   44  124   76  135   46   22  155   70   54  167   33   92  165  153   42  167   88   89   96   87   31   17  141  196  167   20   17   89  124  132   60  179  166  167  173   70    3   67   20  133  147  104   11  171   92  169   42  177  119   69  186  153  142   62   82  139  139   38  107   53   15  114  107  193  138   23   35   55  188  133   95   95  171   44   60  147   80
   67   20  133  147  104   11  171   92  169   42  177  119   69  186  153  142   62   82  139  139   38  107   53   15  114  107  193  138   23   35   55  188  133   95   95  171   44   60  147   80   90  113   67   97  124   24  140  149   29    4   80   37    3  142   11  119   15   61   26  126   70   26  139  135  118  154  115  139   54  111  191   52   59   28   68  157  183   82   52  192  119   67  121   76  144  199   14  141   61   84
   80   37    3  142   11  119   15   61   26  126   70   26  139  135  118  154  115  139   54  111  191   52   59   28   68  157  183   82   52  192  119   67  121   76  144  199   14  141   61   84  176   46   19  147   34  186    4   73  187   31  194   51  169   69  171   15   87   95   33  192  193  176   34  163   68  166   65   42   98   21   43   58    3  156  127  166  152  110   35  191  152  120   77  107  155   80  175   90  191   62
  194   51  169   69  171   15   87   95   33  192  193  176   34  163   68  166   65   42   98   21   43   58    3  156  127  166  152  110   35  191  152  120   77  107  155   80  175   90  191   62  164   85  106   92  121  110  129  115   10   59   56   88  180   24   92   61   95   91   17    2   94  164  112   42   19  156    5  121   27   13  112  193   23   75  123   14   32   41  160   45    6   42  108   75   19   78   25  184  180  188
   56   88  180   24   92   61   95   91   17    2   94  164  112   42   19  156    5  121   27   13  112  193   23   75  123   14   32   41  160   45    6   42  108   75   19   78   25  184  180  188  142  183   71   87   55    7   15  101   17  196   84   17  138   91  169   26   33   17   14  147  118  198  130   86    3   23   24   39  159   21   63  119   50  191   23  109   22  176  188   51  181   98  117   93  146   48  168   72  132  163
   84   17  138   91  169   26   33   17   14  147  118  198  130   86    3   23   24   39  159   21   63  119   50  191   23  109   22  176  188   51  181   98  117   93  146   48  168   72  132  163  111   40  196  163    9  123  175   71  102    8  150    9  103   12   42  126  192    2  147  111  109  184   13   42   31  109   96  107  191   36  181  172   97   68  118  127  177  139  140  102   20   36  101  117   55  148  169   65  141   40
  150    9  103   12   42  126  192    2  147  111  109  184   13   42   31  109   96  107  191   36  181  172   97   68  118  127  177  139  140  102   20   36  101  117   55  148  169   65  141   40  126   78  109   44    7  150  188   41   75   21  109   68  158   14  177   70  193   94  118  109   52   25  167   41  176   11   28  151  177  175  117  152   56  162  134   69  102  189  167   90  160  170  196  137   79  110  163   40  177  147
  109   68  158   14  177   70  193   94  118  109   52   25  167   41  176   11   28  151  177  175  117  152   56  162  134   69  102  189  167   90  160  170  196  137   79  110  163   40  177  147   37   72    1  180  149  159  189   33  194    3    2   87  183   46  119   26  176  164  198  184   25  113   59   14  192   55  138  175   64   92   23  101  128   98  111   83  150   32  129  161  106  159  163   95    6  166  107   63  187  117
    2   87  183   46  119   26  176  164  198  184   25  113   59   14  192   55  138  175   64   92   23  101  128   98  111   83  150   32  129  161  106  159  163   95    6  166  107   63  187  117   51   75  177   72  194   80  118   37  114   56  175   41  107   61   69  139   34  112  130   13  167   59  144  156  137   78   35  184   34  134  121  132   85   81   87  160   23   37  123  166   38  160   72  145  183  103   27   81  102    5
  175   41  107   61   69  139   34  112  130   13  167   59  144  156  137   78   35  184   34  134  121  132   85   81   87  160   23   37  123  166   38  160   72  145  183  103   27   81  102    5   70   32  183   38  159  178    9   71   66  142  100  177   19   44  186  135  163   42   86   42   41   14  156   53   37  151   54    8   34   28   88  136  142  159   73   10   21  127  118  148   81   38  186   23  116  174  147  117  118  133
  100  177   19   44  186  135  163   42   86   42   41   14  156   53   37  151   54    8   34   28   88  136  142  159   73   10   21  127  118  148   81   38  186   23  116  174  147  117  118  133   41  136   96   94  101  158  121  108   62   86  191   10   29  124  153  118   68   19    3   31  176  192  137   37  180  172   59   92    5  200  173  145  110   93   30  175  128  115   29  131   71   35  105   59   11    3   77   11  122  184
  191   10   29  124  153  118   68   19    3   31  176  192  137   37  180  172   59   92    5  200  173  145  110   93   30  175  128  115   29  131   71   35  105   59   11    3   77   11  122  184   71   64   31   13  111  152  147  197  198   16  154  115   71   76  142  154  166  156   23  109   11   55   78  151  172   68   43  141   40   21   45  160   12  196   81  161  133   55   20  102   32   89  181   58   22  114   26   17  170   50
  154  115   71   76  142  154  166  156   23  109   11   55   78  151  172   68   43  141   40   21   45  160   12  196   81  161  133   55   20  102   32   89  181   58   22  114   26   17  170   50   26  149  134  162   56  152   86  164   89  167   46  163   68  135   62  115   65    5   24   96   28  138   35   54   59   43   78   46   42  192   45  171   69  140  144   98   69   87  147  156  139   66  147   14  141  178  111  142  178   28
   46  163   68  135   62  115   65    5   24   96   28  138   35   54   59   43   78   46   42  192   45  171   69  140  144   98   69   87  147  156  139   66  147   14  141  178  111  142  178   28   95  110   73  135  191   66    2   36   94  120   31   29  104   46   82  139   42  121   39  107  151  175  184    8   92  141   46  133   82   30    5   89   64  184  168   72   75  199   78  190  128   25   99   90  119   26  172   55   91   56
   31   29  104   46   82  139   42  121   39  107  151  175  184    8   92  141   46  133   82   30    5   89   64  184  168   72   75  199   78  190  128   25   99   90  119   26  172   55   91   56   97   54   83   97  154    2  126  113   19  117  156  173  143   22  139   54   98   27  159  191  177   64   34   34    5   40   42   82  143  149  144  149   47   43  171  192   30   92   77   39  187  140  126   19  154  106  161   98   73  180
  156  173  143   22  139   54   98   27  159  191  177   64   34   34    5   40   42   82  143  149  144  149   47   43  171  192   30   92   77   39  187  140  126   19  154  106  161   98   73  180  178  185    9  177   75  193  152   39  163  132   86   55   31  155  139  111   21   13   21   36  175   92  134   28  200   21  192   30  149   99   44  113  123  197   31   88  107  126   95   96  137   39   62  153  105  180   56   99   63   19
   86   55   31  155  139  111   21   13   21   36  175   92  134   28  200   21  192   30  149   99   44  113  123  197   31   88  107  126   95   96  137   39   62  153  105  180   56   99   63   19  117  109   76  159  190   63  122  168   76  125  102  171  200   70   38  191   43  112   63  181  117   23  121   88  173   45   45    5  144   44  141   23   55  104  189  144  112  175  105  184  133  115   64  107   42   40  115   91  163   62
  102  171  200   70   38  191   43  112   63  181  117   23  121   88  173   45   45    5  144   44  141   23   55  104  189  144  112  175  105  184  133  115   64  107   42   40  115   91  163   62   19   30   49  155   48  130  184  162  133   47  159  130  174   54  107   52   58  193  119  172  152  101  132  136  145  160  171   89  149  113   23   58   10  179   85  186    9  200  136   59  171   94   10  112  185  176  153   70   84  170
  159  130  174   54  107   52   58  193  119  172  152  101  132  136  145  160  171   89  149  113   23   58   10  179   85  186    9  200  136   59  171   94   10  112  185  176  153   70   84  170  149  127   57  144   23   55  173   34   24  172  185    8  183  167   53   59    3   23   50   97   56  128   85  142  110   12   69   64   47  123   55   10   20  154   77  192   55   23  115  148   46  131   42   56   63  179   53  106   90   58
  185    8  183  167   53   59    3   23   50   97   56  128   85  142  110   12   69   64   47  123   55   10   20  154   77  192   55   23  115  148   46  131   42   56   63  179   53  106   90   58   14   58   29   42    2  190  116  144  144   91  192   71  157   33   15   28  156   75  191   68  162   98   81  159   93  196  140  184   43  197  104  179  154  135  178   15  104  106  118  135   62   83  137   71  112   85   17  158   48   34
  192   71  157   33   15   28  156   75  191   68  162   98   81  159   93  196  140  184   43  197  104  179  154  135  178   15  104  106  118  135   62   83  137   71  112   85   17  158   48   34   56  195    5   34   79   88   38    2   25    1   79  129  150   92  114   68  127  123   23  118  134  111   87   73   30   81  144  168  171   31  189   85   77  178  163   82  150   52   39  200  154   47  178   85   76    3  102   82   98   30
   79  129  150   92  114   68  127  123   23  118  134  111   87   73   30   81  144  168  171   31  189   85   77  178  163   82  150   52   39  200  154   47  178   85   76    3  102   82   98   30  140  121   93  142   56   21   15  160   93   45  155  171  154  165  107  157  166   14  109  127   69   83  160   10  175  161   98   72  192   88  144  186  192   15   82   43   94   81  164   87   98   30   96   52   53  190   10   70  129  119
  155  171  154  165  107  157  166   14  109  127   69   83  160   10  175  161   98   72  192   88  144  186  192   15   82   43   94   81  164   87   98   30   96   52   53  190   10   70  129  119    7    3  169  159   62   69  129  127    1  105  179   23  116  153  193  183  152   32   22  177  102  150   23   21  128  133   69   75   30  107  112    9   55  104  150   94  165  147   35  120    2  111   21   79   43  108    9  156   15   86
  179   23  116  153  193  183  152   32   22  177  102  150   23   21  128  133   69   75   30  107  112    9   55  104  150   94  165  147   35  120    2  111   21   79   43  108    9  156   15   86  198  124  133   61   35  159  143   40  151   97   26   72   26   42  138   82  110   41  176  139  189   32   37  127  115   55   87  199   92  126  175  200   23  106   52   81  147  184   37   26  190   76   14  148   50  115   26  175   86  180
   26   72   26   42  138   82  110   41  176  139  189   32   37  127  115   55   87  199   92  126  175  200   23  106   52   81  147  184   37   26  190   76   14  148   50  115   26  175   86  180  158  129  142  187   53  176  134  110  126  101  191   34   38  167   23   52   35  160  188  140  167  129  123  118   29   20  147   78   77   95  105  136  115  118   39  164   35   37  107   71   34   14  187  158   94  187  192    6   57   39
  191   34   38  167   23   52   35  160  188  140  167  129  123  118   29   20  147   78   77   95  105  136  115  118   39  164   35   37  107   71   34   14  187  158   94  187  192    6   57   39   53  164  142   69  145  116   80  179  116   26   92  172  116   88   35  192  191   45   51  102   90  161  166  148  131  102  156  190   39   96  184   59  148  135  200   87  120   26   71  180  162  173   71   52  137  147   19  172   48  154
   92  172  116   88   35  192  191   45   51  102   90  161  166  148  131  102  156  190   39   96  184   59  148  135  200   87  120   26   71  180  162  173   71   52  137  147   19  172   48  154  103  186    8   42   10   66   51   76  136  101   15   10   25   89   55  119  152    6  181   20  160  106   38   81   71   32  139  128  187  137  133  171   46   62  154   98    2  190   34  162   25  172   63  130   75   55   34   83  165   27
   15   10   25   89   55  119  152    6  181   20  160  106   38   81   71   32  139  128  187  137  133  171   46   62  154   98    2  190   34  162   25  172   63  130   75   55   34   83  165   27   97  170  186   74   87   39  183   36   86  173  107   70  167   96  188   67  120   42   98   36  170  159  160   38   35   89   66   25  140   39  115   94  131   83   47   30  111   76   14  173  172   47  117   18   42  117   41   43  148  116
  107   70  167   96  188   67  120   42   98   36  170  159  160   38   35   89   66   25  140   39  115   94  131   83   47   30  111   76   14  173  172   47  117   18   42  117   41   43  148  116   11  171  161   68  145   70   20   21   37  130    5  162   51   87  133  121   77  108  117  101  196  163   72  186  105  181  147   99  126   62   64   10   42  137  178   96   21   14  187   71   63  117  127   76   35   51  169  186  145   82
    5  162   51   87  133  121   77  108  117  101  196  163   72  186  105  181  147   99  126   62   64   10   42  137  178   96   21   14  187   71   63  117  127   76   35   51  169  186  145   82   42  196   44   44  126  169   62  129   36   27  177   84   90   31   95   76  107   75   93  117  137   95  145   23   59   58   14   90   19  153  107  112   56   71   85   52   79  148  158   52  130   18   76   53  170  179   72  193   96  181
  177   84   90   31   95   76  107   75   93  117  137   95  145   23   59   58   14   90   19  153  107  112   56   71   85   52   79  148  158   52  130   18   76   53  170  179   72  193   96  181  113   95  155  153  187  169  124  170   86   55  153  119  117   17   95  144  155   19  146   55   79    6  183  116   11   22  141  119  154  105   42  185   63  112   76   53   43   50   94  137   75   42   35  170  143  177    7   90   23  155
  153  119  117   17   95  144  155   19  146   55   79    6  183  116   11   22  141  119  154  105   42  185   63  112   76   53   43   50   94  137   75   42   35  170  143  177    7   90   23  155  158   83  135  126  165  160  100  190  189   61    2  131   66  141  171  199   80   78   48  148  110  166  103  174    3  114  178   26  106  180   40  176  179   85    3  190  108  115  187  147   55  117   51  179  177   97   61  128  171   35
